n 	 Arbol 	 tiempo promedio construccion 	 de 	 tiempo promedio busqueda 	 de
10 	 ABBTree 	 0.0 	 0.0 	 0.0 	 0.0
10 	 AVLTree 	 0.0 	 0.0 	 0.0 	 0.0
10 	 vEBTree 	 0.0 	 0.0 	 0.0 	 0.0
10 	 SplayTree 	 0.0 	 0.0 	 0.0 	 0.0
10 	 Arbol Optimo 	 NaN 	 NaN 	 NaN 	 NaN
11 	 ABBTree 	 0.0 	 0.0 	 0.0 	 0.0
11 	 AVLTree 	 7.32421875E-5 	 7.324200868601503E-5 	 0.0 	 0.0
11 	 vEBTree 	 7.8125E-5 	 7.812480926459848E-5 	 0.0 	 0.0
11 	 SplayTree 	 7.8125E-5 	 7.812480926485115E-5 	 0.0 	 0.0
11 	 Arbol Optimo 	 NaN 	 NaN 	 NaN 	 NaN
12 	 ABBTree 	 3.662109375E-5 	 3.662104904655825E-5 	 0.0 	 0.0
12 	 AVLTree 	 0.0 	 0.0 	 0.0 	 0.0
12 	 vEBTree 	 1.1474609375E-4 	 6.627842918136721E-5 	 0.0 	 0.0
12 	 SplayTree 	 0.0 	 0.0 	 0.0 	 0.0
12 	 Arbol Optimo 	 NaN 	 NaN 	 NaN 	 NaN
13 	 ABBTree 	 1.8310546875E-5 	 1.831053569907176E-5 	 1.8310546875E-5 	 1.831053569902553E-5
13 	 AVLTree 	 1.953125E-5 	 1.953123807921249E-5 	 0.0 	 0.0
13 	 vEBTree 	 5.615234375E-5 	 3.243482898543894E-5 	 3.7841796875E-5 	 2.6772076971607233E-5
13 	 SplayTree 	 0.0 	 0.0 	 3.90625E-5 	 2.762132492284068E-5
13 	 Arbol Optimo 	 NaN 	 NaN 	 NaN 	 NaN
14 	 ABBTree 	 0.0 	 0.0 	 0.0 	 0.0
14 	 AVLTree 	 9.765625E-6 	 9.765622019455126E-6 	 1.953125E-5 	 1.3810670890803832E-5
14 	 vEBTree 	 3.7841796875E-5 	 1.893071717305779E-5 	 3.72314453125E-5 	 1.862320275168041E-5
14 	 SplayTree 	 2.9296875E-5 	 1.6914543181994275E-5 	 1.8310546875E-5 	 1.2947503959765906E-5
14 	 Arbol Optimo 	 NaN 	 NaN 	 NaN 	 NaN
15 	 ABBTree 	 1.373291015625E-5 	 7.928695746113851E-6 	 2.86865234375E-5 	 1.1596668859498166E-5
15 	 AVLTree 	 3.84521484375E-5 	 1.36000077980011E-5 	 4.8828125E-6 	 4.882811755047984E-6
15 	 vEBTree 	 4.2724609375E-5 	 1.4248781147531084E-5 	 4.8828125E-6 	 4.882811755032438E-6
15 	 SplayTree 	 1.922607421875E-5 	 9.616663603005523E-6 	 2.960205078125E-5 	 1.1846942414710504E-5
15 	 Arbol Optimo 	 NaN 	 NaN 	 NaN 	 NaN
16 	 ABBTree 	 2.38037109375E-5 	 7.531099410778446E-6 	 2.166748046875E-5 	 7.224995409781081E-6
16 	 AVLTree 	 2.3651123046875E-5 	 7.483026422613794E-6 	 1.190185546875E-5 	 5.325293492596209E-6
16 	 vEBTree 	 4.058837890625E-5 	 9.848705232940069E-6 	 2.6397705078125E-5 	 7.962391470405874E-6
16 	 SplayTree 	 1.4190673828125E-5 	 5.796329109933567E-6 	 1.89208984375E-5 	 6.693023323985544E-6
16 	 Arbol Optimo 	 NaN 	 NaN 	 NaN 	 NaN
17 	 ABBTree 	 1.0833740234375E-5 	 3.588248268535943E-6 	 1.06048583984375E-5 	 3.5367807043698096E-6
17 	 AVLTree 	 2.50244140625E-5 	 5.463409260661234E-6 	 1.44195556640625E-5 	 4.1641381244354794E-6
17 	 vEBTree 	 4.90570068359375E-5 	 7.641960650376054E-6 	 2.49481201171875E-5 	 5.446870411431706E-6
17 	 SplayTree 	 2.11334228515625E-5 	 4.983690884695558E-6 	 1.18255615234375E-5 	 3.741514637450079E-6
17 	 Arbol Optimo 	 NaN 	 NaN 	 NaN 	 NaN
18 	 ABBTree 	 1.850128173828125E-5 	 3.217712638213766E-6 	 1.47247314453125E-5 	 2.7865558839805777E-6
18 	 AVLTree 	 2.376556396484375E-5 	 3.6714326270838804E-6 	 1.804351806640625E-5 	 3.1184984413301193E-6
18 	 vEBTree 	 5.947113037109375E-5 	 5.790166021678445E-6 	 1.705169677734375E-5 	 3.005388942003019E-6
18 	 SplayTree 	 1.880645751953125E-5 	 3.2262937675345746E-6 	 1.598358154296875E-5 	 2.924903625743857E-6
18 	 Arbol Optimo 	 NaN 	 NaN 	 NaN 	 NaN
19 	 ABBTree 	 2.05230712890625E-5 	 1.8567015606666601E-6 	 1.7375946044921874E-5 	 1.3229610144449732E-6
19 	 AVLTree 	 1.9855499267578125E-5 	 1.7964530269632242E-6 	 1.476287841796875E-5 	 1.0946899386772556E-6
19 	 vEBTree 	 5.0716400146484375E-5 	 2.827695980546299E-6 	 1.5735626220703125E-5 	 1.0881899546787408E-6
19 	 SplayTree 	 1.865386962890625E-5 	 1.768594793248783E-6 	 1.9512176513671876E-5 	 1.3341873063511225E-6
19 	 Arbol Optimo 	 NaN 	 NaN 	 NaN 	 NaN
20 	 ABBTree 	 1.83868408203125E-5 	 1.6320921728093705E-6 	 1.5802383422851563E-5 	 6.549857017870515E-7
20 	 AVLTree 	 2.0599365234375E-5 	 1.7300702365581308E-6 	 1.567840576171875E-5 	 6.414460684530083E-7
20 	 vEBTree 	 4.619598388671875E-5 	 2.582570055177856E-6 	 1.5869140625E-5 	 6.236164956381965E-7
20 	 SplayTree 	 1.9359588623046876E-5 	 1.6777611650433932E-6 	 1.73187255859375E-5 	 6.013420270910016E-7
20 	 Arbol Optimo 	 NaN 	 NaN 	 NaN 	 NaN
